826900
773071
272499
740909
557004
54859
901685
374902
267127
851139
12204
287245
808657
975430
730574
104018
651551
666548
575999
191249
900506
767178
332549
632254
541805
163233
655722
91474
303953
763084
558404
343304
150128
261958
454676
93775
736609
313598
355578
922
255585
586845
465917
392304
187887
263132
300969
447681
138393
199892
287469
283927
693038
503759
222666
734146
810601
696487
648587
907340
439435
773370
636979
635132
889394
715881
718977
869482
273321
777098
789461
935448
603459
533881
943208
70529
669163
492483
300435
991734
363568
906556
851751
458182
577377
41821
352676
809475
336875
198846
835442
462610
519533
622906
371509
676270
441064
52614
509521
242571
852941
759109
315444
334217
966340
369807
411393
889534
616687
177220
581625
83272
353105
768689
962670
461997
325280
595451
749135
451353
70805
921425
170649
742845
540315
414471
90026
412915
525482
510755
70349
279024
722993
215178
383630
571360
874782
405758
45605
375702
690481
97888
348251
219587
410126
351868
157150
287198
70672
650197
731185
803568
175924
743679
895934
369047
446812
248915
96173
902703
662542
866380
969864
563927
560116
271970
769705
89757
815451
981490
608022
793228
373612
107246
615820
970237
39658
507231
755046
44328
44615
821584
247356
916078
447643
49701
44623
991833
914094
732456
137851
75066
202959
600796
756850
926223
695087
111920
558284
513236
409335
862918
462317
350627
339679
966754
46977
688508
809378
40196
111326
40041
487806
548855
246325
980869
307787
381921
393292
547357
439009
472502
930572
199614
601999
556883
139998
190830
156673
789649
460177
903716
836541
546788
669200
178562
725833
695839
708161
795818
679819
317391
190385
924064
182385
113336
751403
426490
47338
961878
147165
377709
117018
562627
448145
593453
1692
276489
815179
576909
52376
29164
93643
854070
933029
406522
739694
783987
244646
61090
371600
588138
517891
861263
465504
14934
461031
537544
881454
914700
547167
841255
816789
464422
316725
102299
396671
193261
633735
916680
643462
456200
960444
123600
968570
573326
922989
222602
349818
726783
631204
4823
254476
734615
922921
501398
849922
931699
540677
104866
166739
495757
289265
203012
332635
698828
5622
733721
427517
560395
624359
828378
402517
591348
981605
198541
799612
253425
864742
310504
866521
855652
780543
859989
571117
165249
819130
975870
377364
407998
156823
470541
244957
663660
720618
449741
745460
514795
621022
323667
666202
343148
769037
606951
47928
25062
208642
81748
346008
544440
364351
140700
758491
351879
709164
289085
986744
282426
317773
20988
775691
512727
544008
808358
326074
642834
603853
68481
311946
382456
350237
389605
694143
755381
800116
261124
934819
115276
958307
526017
805302
859975
29441
909665
464429
812463
149931
837866
162282
951729
148620
887305
270291
523575
289688
778151
706146
432577
827084
946761
397700
401986
118106
444927
17208
422403
540841
632821
423190
866626
626254
534608
86059
320547
465581
293584
603598
971512
505
939839
686550
654994
27974
71679
510739
488084
716795
989282
218714
97844
943209
208540
77778
29470
677426
439235
482866
478331
357495
272960
371418
770326
105261
745634
810987
539160
460603
205661
750389
29393
828659
400120
855753
479492
841272
484220
346700
356720
254542
356509
960036
655982
407825
105047
695795
219286
168249
807086
835956
536652
914154
107612
159047
750750
447183
838127
422664
418641
742692
244022
490599
840497
984534
321886
506332
372782
893363
680996
62420
552618
927115
878864
794040
53619
987354
915319
74384
245664
577776
839128
90648
528249
684184
429162
726890
321047
958796
158257
323669
783229
649092
599014
51687
175944
888173
301031
382278
145233
94542
884739
911167
776335
340905
668569
459143
265279
139987
304767
482022
874356
488519
682088
158611
450953
905239
748969
346818
489730
525242
345026
786853
65532
174429
901457
747057
474991
709171
297444
569350
106134
147104
701568
158372
867675
321756
847492
66672
690590
516324
179306
109234
298008
88288
465062
430253
311776
398786
81888
543174
285743
446017
774741
915276
54050
408789
434164
62576
225658
731991
195585
159419
13279
530968
692652
874904
118501
507864
426129
660610
346873
498720
898704
663899
184084
818204
83238
237878
251498
707982
190155
344470
384795
526107
357111
30800
418408
215023
811372
124305
417146
636657
6983
747199
253282
863095
225569
232824
981328
779800
574551
832169
897162
688725
402885
573231
552194
550311
167178
704170
976767
588574
650076
264326
528468
92482
334446
282273
576557
662297
505751
847509
280140
261956
62256
548296
851656
125960
695804
213615
847861
484863
859917
342946
866994
702758
131614
746702
30857
323995
600306
853597
991586
800027
739865
280427
877413
99288
120317
391246
117193
243937
471932
539715
591485
668819
141655
551230
767925
221611
369709
449630
748013
845575
496227
754368
797219
673620
728498
602524
608350
1318
258528
843370
849937
268153
941493
171130
133313
736541
894736
996510
16372
44046
452685
675816
880269
679174
964654
976549
217160
914743
759478
707520
238886
692870
758036
110346
735621
57603
747537
863554
94550
433292
359554
582837
574186
368174
33699
4883
216573
427738
832288
780361
420977
469417
951786
785805
973045
124307
895875
667447
430355
18050
789316
270613
946013
739325
896898
287576
996934
189241
733454
757998
680124
347128
545261
357259
110784
241056
145140
814553
978955
766377
749494
622013
914183
890324
482836
543824
326717
524522
346265
662152
355442
652387
301870
983098
927858
417196
859454
152328
434291
607051
636961
907065
596839
647356
883888
17654
808254
570174
758412
416746
850436
657641
960921
998635
960423
500925
144307
799323
431200
997646
28103
4663
779801
501568
510197
143579
605843
475068
673692
49167
745476
781227
401419
9945
804308
275366
972839
888970
99319
472424
784020
275732
231812
606259
734004
338337
627890
373219
735555
645703
598501
97258
512433
458904
82213
453826
775024
428515
666788
798053
817617
649084
993036
280769
889263
15937
45842
404091
703701
798607
886844
956920
411416
689730
549501
377618
990415
740419
856953
730586
72570
141556
113434
569464
347135
355689
339700
615328
556298
453874
361045
75318
792691
62735
391594
855421
406950
295508
386951
84071
909912
817293
294235
822641
521305
487026
422660
265896
940371
285013
577472
28030
979374
961010
566558
781889
310242
265875
113884
545808
813827
316894
581853
355986
801075
992308
961760
56585
131792
869734
489248
179521
525714
11791
898364
946862
577872
79819
998837
84592
38094
491576
1306
714912
145539
612093
19025
277837
906221
392875
904145
520456
257118
539074
477750
844133
795992
370169
193783
318886
751029
351344
682767
616696
912699
512729
563187
55140
904747
738168
814405
834639
822563
524391
255041
812929
879899
907957
504138
975213
150604
384817
967139
287693
318341
580536
489850
211475
33380
111175
459667
355395
675017
418305
946835
544410
53751
503097
26182
318725
723106
416252
471007
132364
896825
282620
106845
